0.000000000000000000e+00 1.420281662206479609e+02 2.460000000000000000e+02 3.757712069863788997e+02 4.920000000000000000e+02 6.190864236922014925e+02 7.380000000000000000e+02 8.639236077339247686e+02 9.840000000000000000e+02 1.109275439194432010e+03 2.460000000000000000e+02 3.757712069863788997e+02 4.260844986619438259e+02 5.681126648825917300e+02 6.508548225218893322e+02 7.907793624014223042e+02 8.869656137641413807e+02 1.024179671737337458e+03 1.127313620959136642e+03 1.262373954103933556e+03 4.920000000000000568e+02 6.190864236922014925e+02 6.508548225218893322e+02 7.907793624014223042e+02 8.521689973238876519e+02 9.941971635445356696e+02 1.072289140111005736e+03 1.213489184129796968e+03 1.301709645043778664e+03 1.441428458162249626e+03 7.380000000000000000e+02 8.639236077339247686e+02 8.869656137641413807e+02 1.024179671737337458e+03 1.072289140111005736e+03 1.213489184129796968e+03 1.278253495985831478e+03 1.420281662206479723e+03 1.496359582453362009e+03 1.637948717145930686e+03 9.840000000000001137e+02 1.109275439194432010e+03 1.127313620959136870e+03 1.262373954103933556e+03 1.301709645043778664e+03 1.441428458162249626e+03 1.496359582453362009e+03 1.637948717145930914e+03 1.704337994647775304e+03 1.846366160868423094e+03
1.420281662206479609e+02 0.000000000000000000e+00 1.420281662206479041e+02 2.460000000000000000e+02 3.757712069863788997e+02 4.920000000000000000e+02 6.190864236922014925e+02 7.380000000000001137e+02 8.639236077339245412e+02 9.839999999999998863e+02 1.420281662206479609e+02 2.460000000000000568e+02 2.840563324412959219e+02 4.260844986619438259e+02 5.120898358686686151e+02 6.508548225218893322e+02 7.515424139727577995e+02 8.869656137641414944e+02 9.941971635445356696e+02 1.127313620959136642e+03 3.757712069863788997e+02 4.920000000000000000e+02 5.120898358686687288e+02 6.508548225218893322e+02 7.101408311032397478e+02 8.521689973238876519e+02 9.313409687112449546e+02 1.072289140111005963e+03 1.162550644058141870e+03 1.301709645043778664e+03 6.190864236922014925e+02 7.380000000000001137e+02 7.515424139727577995e+02 8.869656137641414944e+02 9.313409687112448410e+02 1.072289140111005963e+03 1.136225329765183460e+03 1.278253495985831705e+03 1.354862354632381084e+03 1.496359582453362009e+03 8.639236077339247686e+02 9.840000000000000000e+02 9.941971635445357833e+02 1.127313620959136642e+03 1.162550644058141870e+03 1.301709645043778664e+03 1.354862354632381084e+03 1.496359582453362464e+03 1.562309828427127513e+03 1.704337994647775304e+03
2.460000000000000000e+02 1.420281662206479041e+02 0.000000000000000000e+00 1.420281662206479609e+02 2.460000000000000000e+02 3.757712069863788997e+02 4.920000000000000000e+02 6.190864236922017199e+02 7.380000000000000000e+02 8.639236077339245412e+02 2.460000000000000000e+02 2.840563324412959219e+02 2.460000000000000568e+02 3.757712069863788997e+02 4.260844986619438259e+02 5.681126648825917300e+02 6.508548225218893322e+02 7.907793624014224179e+02 8.869656137641413807e+02 1.024179671737337230e+03 4.260844986619438259e+02 5.120898358686686151e+02 4.920000000000001137e+02 6.190864236922014925e+02 6.508548225218893322e+02 7.907793624014224179e+02 8.521689973238876519e+02 9.941971635445357833e+02 1.072289140111005736e+03 1.213489184129796740e+03 6.508548225218893322e+02 7.515424139727577995e+02 7.380000000000000000e+02 8.639236077339247686e+02 8.869656137641413807e+02 1.024179671737337458e+03 1.072289140111005736e+03 1.213489184129797195e+03 1.278253495985831478e+03 1.420281662206479268e+03 8.869656137641414944e+02 9.941971635445355560e+02 9.840000000000002274e+02 1.109275439194432010e+03 1.127313620959136870e+03 1.262373954103933556e+03 1.301709645043778664e+03 1.441428458162249854e+03 1.496359582453362464e+03 1.637948717145930686e+03
3.757712069863788997e+02 2.460000000000000000e+02 1.420281662206479609e+02 0.000000000000000000e+00 1.420281662206479041e+02 2.459999999999999716e+02 3.757712069863788997e+02 4.920000000000001705e+02 6.190864236922014925e+02 7.379999999999998863e+02 2.840563324412959219e+02 2.460000000000000284e+02 1.420281662206480178e+02 2.460000000000000000e+02 2.840563324412959219e+02 4.260844986619437691e+02 5.120898358686686151e+02 6.508548225218894459e+02 7.515424139727577995e+02 8.869656137641412670e+02 3.757712069863789566e+02 4.260844986619438259e+02 3.757712069863790134e+02 4.920000000000000000e+02 5.120898358686687288e+02 6.508548225218893322e+02 7.101408311032397478e+02 8.521689973238877656e+02 9.313409687112449546e+02 1.072289140111005736e+03 5.681126648825917300e+02 6.508548225218893322e+02 6.190864236922014925e+02 7.380000000000001137e+02 7.515424139727577995e+02 8.869656137641416080e+02 9.313409687112448410e+02 1.072289140111005963e+03 1.136225329765183460e+03 1.278253495985831478e+03 7.907793624014224179e+02 8.869656137641413807e+02 8.639236077339247686e+02 9.840000000000000000e+02 9.941971635445357833e+02 1.127313620959136642e+03 1.162550644058141643e+03 1.301709645043778664e+03 1.354862354632381312e+03 1.496359582453362009e+03
4.920000000000000000e+02 3.757712069863788997e+02 2.460000000000000000e+02 1.420281662206479041e+02 0.000000000000000000e+00 1.420281662206479893e+02 2.460000000000000000e+02 3.757712069863790134e+02 4.920000000000000568e+02 6.190864236922013788e+02 4.260844986619438259e+02 3.757712069863788997e+02 2.460000000000000284e+02 2.840563324412958650e+02 2.460000000000000568e+02 3.757712069863788997e+02 4.260844986619438259e+02 5.681126648825919574e+02 6.508548225218893322e+02 7.907793624014223042e+02 4.920000000000000568e+02 5.120898358686686151e+02 4.260844986619439396e+02 5.120898358686686151e+02 4.920000000000001137e+02 6.190864236922016062e+02 6.508548225218893322e+02 7.907793624014224179e+02 8.521689973238876519e+02 9.941971635445355560e+02 6.508548225218893322e+02 7.101408311032397478e+02 6.508548225218893322e+02 7.515424139727577995e+02 7.380000000000000000e+02 8.639236077339247686e+02 8.869656137641413807e+02 1.024179671737337458e+03 1.072289140111005736e+03 1.213489184129796740e+03 8.521689973238876519e+02 9.313409687112448410e+02 8.869656137641416080e+02 9.941971635445355560e+02 9.840000000000002274e+02 1.109275439194432010e+03 1.127313620959136642e+03 1.262373954103933784e+03 1.301709645043778664e+03 1.441428458162249626e+03
6.190864236922014925e+02 4.920000000000000000e+02 3.757712069863788997e+02 2.459999999999999716e+02 1.420281662206479893e+02 0.000000000000000000e+00 1.420281662206479609e+02 2.460000000000001421e+02 3.757712069863788997e+02 4.919999999999999432e+02 5.120898358686686151e+02 4.260844986619437691e+02 2.840563324412958650e+02 2.459999999999999147e+02 1.420281662206479325e+02 2.459999999999999432e+02 2.840563324412958082e+02 4.260844986619439396e+02 5.120898358686687288e+02 6.508548225218892185e+02 5.120898358686686151e+02 4.919999999999999432e+02 3.757712069863788997e+02 4.260844986619437691e+02 3.757712069863788997e+02 4.920000000000000568e+02 5.120898358686687288e+02 6.508548225218893322e+02 7.101408311032396341e+02 8.521689973238876519e+02 6.190864236922014925e+02 6.508548225218893322e+02 5.681126648825917300e+02 6.508548225218893322e+02 6.190864236922014925e+02 7.380000000000002274e+02 7.515424139727577995e+02 8.869656137641416080e+02 9.313409687112448410e+02 1.072289140111005736e+03 7.907793624014223042e+02 8.521689973238876519e+02 7.907793624014225315e+02 8.869656137641413807e+02 8.639236077339247686e+02 9.840000000000000000e+02 9.941971635445355560e+02 1.127313620959136870e+03 1.162550644058141870e+03 1.301709645043778664e+03
7.380000000000000000e+02 6.190864236922014925e+02 4.920000000000000000e+02 3.757712069863788997e+02 2.460000000000000000e+02 1.420281662206479609e+02 0.000000000000000000e+00 1.420281662206480746e+02 2.460000000000000284e+02 3.757712069863787860e+02 6.508548225218893322e+02 5.681126648825917300e+02 4.260844986619438259e+02 3.757712069863788997e+02 2.460000000000000284e+02 2.840563324412958650e+02 2.460000000000000000e+02 3.757712069863790134e+02 4.260844986619439396e+02 5.681126648825917300e+02 6.508548225218893322e+02 6.190864236922014925e+02 4.920000000000000568e+02 5.120898358686686151e+02 4.260844986619439396e+02 5.120898358686687288e+02 4.920000000000001137e+02 6.190864236922016062e+02 6.508548225218893322e+02 7.907793624014223042e+02 7.380000000000000000e+02 7.515424139727577995e+02 6.508548225218893322e+02 7.101408311032397478e+02 6.508548225218893322e+02 7.515424139727580268e+02 7.380000000000000000e+02 8.639236077339247686e+02 8.869656137641413807e+02 1.024179671737337230e+03 8.869656137641413807e+02 9.313409687112448410e+02 8.521689973238878792e+02 9.313409687112448410e+02 8.869656137641416080e+02 9.941971635445355560e+02 9.840000000000000000e+02 1.109275439194432238e+03 1.127313620959136870e+03 1.262373954103933556e+03
8.639236077339247686e+02 7.380000000000001137e+02 6.190864236922017199e+02 4.920000000000001705e+02 3.757712069863790134e+02 2.460000000000001421e+02 1.420281662206480746e+02 0.000000000000000000e+00 1.420281662206477904e+02 2.459999999999997726e+02 7.515424139727579131e+02 6.508548225218894459e+02 5.120898358686688425e+02 4.260844986619439396e+02 2.840563324412960355e+02 2.460000000000001137e+02 1.420281662206479609e+02 2.460000000000000568e+02 2.840563324412958650e+02 4.260844986619436554e+02 7.101408311032398615e+02 6.508548225218894459e+02 5.120898358686688425e+02 4.920000000000001137e+02 3.757712069863790134e+02 4.260844986619439396e+02 3.757712069863789566e+02 4.920000000000000568e+02 5.120898358686686151e+02 6.508548225218892185e+02 7.515424139727579131e+02 7.380000000000001137e+02 6.190864236922016062e+02 6.508548225218894459e+02 5.681126648825917300e+02 6.508548225218895595e+02 6.190864236922014925e+02 7.380000000000002274e+02 7.515424139727577995e+02 8.869656137641412670e+02 8.639236077339247686e+02 8.869656137641414944e+02 7.907793624014226452e+02 8.521689973238876519e+02 7.907793624014226452e+02 8.869656137641413807e+02 8.639236077339245412e+02 9.840000000000002274e+02 9.941971635445357833e+02 1.127313620959136642e+03
9.840000000000000000e+02 8.639236077339245412e+02 7.380000000000000000e+02 6.190864236922014925e+02 4.920000000000000568e+02 3.757712069863788997e+02 2.460000000000000284e+02 1.420281662206477904e+02 0.000000000000000000e+00 1.420281662206478472e+02 8.869656137641413807e+02 7.907793624014223042e+02 6.508548225218893322e+02 5.681126648825917300e+02 4.260844986619438259e+02 3.757712069863788997e+02 2.459999999999999716e+02 2.840563324412958650e+02 2.460000000000000568e+02 3.757712069863788429e+02 8.521689973238876519e+02 7.907793624014223042e+02 6.508548225218893322e+02 6.190864236922014925e+02 4.920000000000000568e+02 5.120898358686687288e+02 4.260844986619438259e+02 5.120898358686686151e+02 4.920000000000000568e+02 6.190864236922014925e+02 8.869656137641413807e+02 8.639236077339245412e+02 7.380000000000000000e+02 7.515424139727577995e+02 6.508548225218892185e+02 7.101408311032398615e+02 6.508548225218893322e+02 7.515424139727580268e+02 7.380000000000000000e+02 8.639236077339245412e+02 9.840000000000000000e+02 9.941971635445355560e+02 8.869656137641414944e+02 9.313409687112448410e+02 8.521689973238878792e+02 9.313409687112448410e+02 8.869656137641413807e+02 9.941971635445357833e+02 9.840000000000002274e+02 1.109275439194432010e+03
1.109275439194432010e+03 9.839999999999998863e+02 8.639236077339245412e+02 7.379999999999998863e+02 6.190864236922013788e+02 4.919999999999999432e+02 3.757712069863787860e+02 2.459999999999997726e+02 1.420281662206478472e+02 0.000000000000000000e+00 9.941971635445355560e+02 8.869656137641412670e+02 7.515424139727576858e+02 6.508548225218892185e+02 5.120898358686686151e+02 4.260844986619437691e+02 2.840563324412958082e+02 2.459999999999998579e+02 1.420281662206479893e+02 2.460000000000000000e+02 9.313409687112448410e+02 8.521689973238875382e+02 7.101408311032396341e+02 6.508548225218892185e+02 5.120898358686686151e+02 4.920000000000000568e+02 3.757712069863788997e+02 4.260844986619438259e+02 3.757712069863790134e+02 4.920000000000000000e+02 9.313409687112448410e+02 8.869656137641413807e+02 7.515424139727577995e+02 7.380000000000000000e+02 6.190864236922013788e+02 6.508548225218894459e+02 5.681126648825917300e+02 6.508548225218894459e+02 6.190864236922014925e+02 7.380000000000000000e+02 9.941971635445355560e+02 9.839999999999998863e+02 8.639236077339247686e+02 8.869656137641412670e+02 7.907793624014224179e+02 8.521689973238876519e+02 7.907793624014223042e+02 8.869656137641414944e+02 8.639236077339247686e+02 9.840000000000000000e+02
2.460000000000000000e+02 1.420281662206479609e+02 2.460000000000000000e+02 2.840563324412959219e+02 4.260844986619438259e+02 5.120898358686686151e+02 6.508548225218893322e+02 7.515424139727579131e+02 8.869656137641413807e+02 9.941971635445355560e+02 0.000000000000000000e+00 1.420281662206480178e+02 2.460000000000000284e+02 3.757712069863788997e+02 4.920000000000000568e+02 6.190864236922014925e+02 7.380000000000000000e+02 8.639236077339247686e+02 9.840000000000001137e+02 1.109275439194432010e+03 2.460000000000000568e+02 3.757712069863788997e+02 4.260844986619439396e+02 5.681126648825917300e+02 6.508548225218893322e+02 7.907793624014224179e+02 8.869656137641413807e+02 1.024179671737337458e+03 1.127313620959136642e+03 1.262373954103933556e+03 4.920000000000000000e+02 6.190864236922016062e+02 6.508548225218893322e+02 7.907793624014224179e+02 8.521689973238876519e+02 9.941971635445357833e+02 1.072289140111005736e+03 1.213489184129797195e+03 1.301709645043778664e+03 1.441428458162249626e+03 7.380000000000001137e+02 8.639236077339245412e+02 8.869656137641416080e+02 1.024179671737337230e+03 1.072289140111005963e+03 1.213489184129796740e+03 1.278253495985831478e+03 1.420281662206479723e+03 1.496359582453362236e+03 1.637948717145930686e+03
3.757712069863788997e+02 2.460000000000000568e+02 2.840563324412959219e+02 2.460000000000000284e+02 3.757712069863788997e+02 4.260844986619437691e+02 5.681126648825917300e+02 6.508548225218894459e+02 7.907793624014223042e+02 8.869656137641412670e+02 1.420281662206480178e+02 0.000000000000000000e+00 1.420281662206479041e+02 2.459999999999999716e+02 3.757712069863788997e+02 4.919999999999999432e+02 6.190864236922014925e+02 7.380000000000001137e+02 8.639236077339245412e+02 9.839999999999998863e+02 1.420281662206479609e+02 2.459999999999999432e+02 2.840563324412959219e+02 4.260844986619437691e+02 5.120898358686686151e+02 6.508548225218893322e+02 7.515424139727577995e+02 8.869656137641414944e+02 9.941971635445355560e+02 1.127313620959136642e+03 3.757712069863788429e+02 4.920000000000000568e+02 5.120898358686686151e+02 6.508548225218893322e+02 7.101408311032396341e+02 8.521689973238878792e+02 9.313409687112448410e+02 1.072289140111005963e+03 1.162550644058141643e+03 1.301709645043778664e+03 6.190864236922014925e+02 7.380000000000000000e+02 7.515424139727580268e+02 8.869656137641413807e+02 9.313409687112450683e+02 1.072289140111005736e+03 1.136225329765183460e+03 1.278253495985831705e+03 1.354862354632381312e+03 1.496359582453362009e+03
4.260844986619438259e+02 2.840563324412959219e+02 2.460000000000000568e+02 1.420281662206480178e+02 2.460000000000000284e+02 2.840563324412958650e+02 4.260844986619438259e+02 5.120898358686688425e+02 6.508548225218893322e+02 7.515424139727576858e+02 2.460000000000000284e+02 1.420281662206479041e+02 0.000000000000000000e+00 1.420281662206479041e+02 2.460000000000000000e+02 3.757712069863788429e+02 4.919999999999999432e+02 6.190864236922017199e+02 7.380000000000000000e+02 8.639236077339245412e+02 2.460000000000000000e+02 2.840563324412958082e+02 2.460000000000000568e+02 3.757712069863788429e+02 4.260844986619438259e+02 5.681126648825918437e+02 6.508548225218893322e+02 7.907793624014224179e+02 8.869656137641413807e+02 1.024179671737337230e+03 4.260844986619437691e+02 5.120898358686687288e+02 4.919999999999999432e+02 6.190864236922014925e+02 6.508548225218893322e+02 7.907793624014225315e+02 8.521689973238876519e+02 9.941971635445357833e+02 1.072289140111005736e+03 1.213489184129796740e+03 6.508548225218893322e+02 7.515424139727577995e+02 7.380000000000002274e+02 8.639236077339245412e+02 8.869656137641416080e+02 1.024179671737337230e+03 1.072289140111005736e+03 1.213489184129797195e+03 1.278253495985831705e+03 1.420281662206479268e+03
5.681126648825917300e+02 4.260844986619438259e+02 3.757712069863788997e+02 2.460000000000000000e+02 2.840563324412958650e+02 2.459999999999999147e+02 3.757712069863788997e+02 4.260844986619439396e+02 5.681126648825917300e+02 6.508548225218892185e+02 3.757712069863788997e+02 2.459999999999999716e+02 1.420281662206479041e+02 0.000000000000000000e+00 1.420281662206479041e+02 2.459999999999999432e+02 3.757712069863788997e+02 4.920000000000001705e+02 6.190864236922014925e+02 7.379999999999998863e+02 2.840563324412959219e+02 2.460000000000000000e+02 1.420281662206480462e+02 2.460000000000000000e+02 2.840563324412959787e+02 4.260844986619438828e+02 5.120898358686687288e+02 6.508548225218894459e+02 7.515424139727577995e+02 8.869656137641412670e+02 3.757712069863788997e+02 4.260844986619439396e+02 3.757712069863788997e+02 4.920000000000001137e+02 5.120898358686686151e+02 6.508548225218895595e+02 7.101408311032396341e+02 8.521689973238878792e+02 9.313409687112448410e+02 1.072289140111005736e+03 5.681126648825918437e+02 6.508548225218893322e+02 6.190864236922017199e+02 7.380000000000000000e+02 7.515424139727580268e+02 8.869656137641413807e+02 9.313409687112448410e+02 1.072289140111005963e+03 1.136225329765183687e+03 1.278253495985831478e+03
6.508548225218893322e+02 5.120898358686686151e+02 4.260844986619438259e+02 2.840563324412959219e+02 2.460000000000000568e+02 1.420281662206479325e+02 2.460000000000000284e+02 2.840563324412960355e+02 4.260844986619438259e+02 5.120898358686686151e+02 4.920000000000000568e+02 3.757712069863788997e+02 2.460000000000000000e+02 1.420281662206479041e+02 0.000000000000000000e+00 1.420281662206478757e+02 2.459999999999999716e+02 3.757712069863790134e+02 4.920000000000000568e+02 6.190864236922013788e+02 4.260844986619438259e+02 3.757712069863788429e+02 2.460000000000000284e+02 2.840563324412958082e+02 2.460000000000000568e+02 3.757712069863788997e+02 4.260844986619438259e+02 5.681126648825918437e+02 6.508548225218893322e+02 7.907793624014223042e+02 4.919999999999999432e+02 5.120898358686686151e+02 4.260844986619437691e+02 5.120898358686687288e+02 4.919999999999999432e+02 6.190864236922017199e+02 6.508548225218893322e+02 7.907793624014226452e+02 8.521689973238876519e+02 9.941971635445355560e+02 6.508548225218893322e+02 7.101408311032396341e+02 6.508548225218895595e+02 7.515424139727577995e+02 7.380000000000002274e+02 8.639236077339245412e+02 8.869656137641413807e+02 1.024179671737337458e+03 1.072289140111005963e+03 1.213489184129796740e+03
7.907793624014223042e+02 6.508548225218893322e+02 5.681126648825917300e+02 4.260844986619437691e+02 3.757712069863788997e+02 2.459999999999999432e+02 2.840563324412958650e+02 2.460000000000001137e+02 3.757712069863788997e+02 4.260844986619437691e+02 6.190864236922014925e+02 4.919999999999999432e+02 3.757712069863788429e+02 2.459999999999999432e+02 1.420281662206478757e+02 0.000000000000000000e+00 1.420281662206479609e+02 2.460000000000001990e+02 3.757712069863788997e+02 4.919999999999999432e+02 5.120898358686686151e+02 4.260844986619437691e+02 2.840563324412958650e+02 2.459999999999999432e+02 1.420281662206480178e+02 2.460000000000001137e+02 2.840563324412959787e+02 4.260844986619439965e+02 5.120898358686687288e+02 6.508548225218893322e+02 5.120898358686686151e+02 4.920000000000000568e+02 3.757712069863788997e+02 4.260844986619438828e+02 3.757712069863788997e+02 4.920000000000002274e+02 5.120898358686686151e+02 6.508548225218895595e+02 7.101408311032396341e+02 8.521689973238876519e+02 6.190864236922016062e+02 6.508548225218893322e+02 5.681126648825919574e+02 6.508548225218893322e+02 6.190864236922017199e+02 7.380000000000000000e+02 7.515424139727577995e+02 8.869656137641416080e+02 9.313409687112450683e+02 1.072289140111005736e+03
8.869656137641413807e+02 7.515424139727577995e+02 6.508548225218893322e+02 5.120898358686686151e+02 4.260844986619438259e+02 2.840563324412958082e+02 2.460000000000000000e+02 1.420281662206479609e+02 2.459999999999999716e+02 2.840563324412958082e+02 7.380000000000000000e+02 6.190864236922014925e+02 4.919999999999999432e+02 3.757712069863788997e+02 2.459999999999999716e+02 1.420281662206479609e+02 0.000000000000000000e+00 1.420281662206481315e+02 2.460000000000000568e+02 3.757712069863787860e+02 6.508548225218893322e+02 5.681126648825917300e+02 4.260844986619438259e+02 3.757712069863788997e+02 2.460000000000000568e+02 2.840563324412959787e+02 2.460000000000001137e+02 3.757712069863790134e+02 4.260844986619439396e+02 5.681126648825917300e+02 6.508548225218893322e+02 6.190864236922014925e+02 4.920000000000000000e+02 5.120898358686687288e+02 4.260844986619438259e+02 5.120898358686688425e+02 4.920000000000000000e+02 6.190864236922017199e+02 6.508548225218893322e+02 7.907793624014223042e+02 7.380000000000001137e+02 7.515424139727577995e+02 6.508548225218894459e+02 7.101408311032396341e+02 6.508548225218895595e+02 7.515424139727577995e+02 7.380000000000000000e+02 8.639236077339247686e+02 8.869656137641416080e+02 1.024179671737337230e+03
1.024179671737337458e+03 8.869656137641414944e+02 7.907793624014224179e+02 6.508548225218894459e+02 5.681126648825919574e+02 4.260844986619439396e+02 3.757712069863790134e+02 2.460000000000000568e+02 2.840563324412958650e+02 2.459999999999998579e+02 8.639236077339247686e+02 7.380000000000001137e+02 6.190864236922017199e+02 4.920000000000001705e+02 3.757712069863790134e+02 2.460000000000001990e+02 1.420281662206481315e+02 0.000000000000000000e+00 1.420281662206477904e+02 2.459999999999997442e+02 7.515424139727579131e+02 6.508548225218894459e+02 5.120898358686688425e+02 4.260844986619439396e+02 2.840563324412960355e+02 2.460000000000001421e+02 1.420281662206480178e+02 2.460000000000000000e+02 2.840563324412958082e+02 4.260844986619435986e+02 7.101408311032398615e+02 6.508548225218894459e+02 5.120898358686688425e+02 4.920000000000001137e+02 3.757712069863788997e+02 4.260844986619439965e+02 3.757712069863787860e+02 4.920000000000001137e+02 5.120898358686685015e+02 6.508548225218891048e+02 7.515424139727579131e+02 7.380000000000001137e+02 6.190864236922017199e+02 6.508548225218893322e+02 5.681126648825919574e+02 6.508548225218892185e+02 6.190864236922013788e+02 7.380000000000001137e+02 7.515424139727577995e+02 8.869656137641411533e+02
1.127313620959136642e+03 9.941971635445356696e+02 8.869656137641413807e+02 7.515424139727577995e+02 6.508548225218893322e+02 5.120898358686687288e+02 4.260844986619439396e+02 2.840563324412958650e+02 2.460000000000000568e+02 1.420281662206479893e+02 9.840000000000001137e+02 8.639236077339245412e+02 7.380000000000000000e+02 6.190864236922014925e+02 4.920000000000000568e+02 3.757712069863788997e+02 2.460000000000000568e+02 1.420281662206477904e+02 0.000000000000000000e+00 1.420281662206478188e+02 8.869656137641413807e+02 7.907793624014223042e+02 6.508548225218893322e+02 5.681126648825917300e+02 4.260844986619438259e+02 3.757712069863788997e+02 2.460000000000000000e+02 2.840563324412958082e+02 2.460000000000000000e+02 3.757712069863787860e+02 8.521689973238876519e+02 7.907793624014223042e+02 6.508548225218893322e+02 6.190864236922014925e+02 4.919999999999999432e+02 5.120898358686687288e+02 4.260844986619437122e+02 5.120898358686687288e+02 4.919999999999998863e+02 6.190864236922013788e+02 8.869656137641413807e+02 8.639236077339245412e+02 7.380000000000001137e+02 7.515424139727576858e+02 6.508548225218893322e+02 7.101408311032396341e+02 6.508548225218892185e+02 7.515424139727577995e+02 7.380000000000001137e+02 8.639236077339244275e+02
1.262373954103933556e+03 1.127313620959136642e+03 1.024179671737337230e+03 8.869656137641412670e+02 7.907793624014223042e+02 6.508548225218892185e+02 5.681126648825917300e+02 4.260844986619436554e+02 3.757712069863788429e+02 2.460000000000000000e+02 1.109275439194432010e+03 9.839999999999998863e+02 8.639236077339245412e+02 7.379999999999998863e+02 6.190864236922013788e+02 4.919999999999999432e+02 3.757712069863787860e+02 2.459999999999997442e+02 1.420281662206478188e+02 0.000000000000000000e+00 9.941971635445355560e+02 8.869656137641412670e+02 7.515424139727576858e+02 6.508548225218892185e+02 5.120898358686686151e+02 4.260844986619437691e+02 2.840563324412958082e+02 2.459999999999998579e+02 1.420281662206479893e+02 2.460000000000000000e+02 9.313409687112448410e+02 8.521689973238875382e+02 7.101408311032396341e+02 6.508548225218892185e+02 5.120898358686686151e+02 4.920000000000001137e+02 3.757712069863787860e+02 4.260844986619439396e+02 3.757712069863788997e+02 4.920000000000000000e+02 9.313409687112448410e+02 8.869656137641412670e+02 7.515424139727577995e+02 7.379999999999998863e+02 6.190864236922016062e+02 6.508548225218893322e+02 5.681126648825917300e+02 6.508548225218894459e+02 6.190864236922017199e+02 7.380000000000000000e+02
4.920000000000000568e+02 3.757712069863788997e+02 4.260844986619438259e+02 3.757712069863789566e+02 4.920000000000000568e+02 5.120898358686686151e+02 6.508548225218893322e+02 7.101408311032398615e+02 8.521689973238876519e+02 9.313409687112448410e+02 2.460000000000000568e+02 1.420281662206479609e+02 2.460000000000000000e+02 2.840563324412959219e+02 4.260844986619438259e+02 5.120898358686686151e+02 6.508548225218893322e+02 7.515424139727579131e+02 8.869656137641413807e+02 9.941971635445355560e+02 0.000000000000000000e+00 1.420281662206479041e+02 2.460000000000000284e+02 3.757712069863788997e+02 4.920000000000000568e+02 6.190864236922014925e+02 7.380000000000000000e+02 8.639236077339247686e+02 9.840000000000000000e+02 1.109275439194432010e+03 2.459999999999999432e+02 3.757712069863788997e+02 4.260844986619437691e+02 5.681126648825918437e+02 6.508548225218892185e+02 7.907793624014224179e+02 8.869656137641413807e+02 1.024179671737337458e+03 1.127313620959136642e+03 1.262373954103933556e+03 4.920000000000000568e+02 6.190864236922014925e+02 6.508548225218895595e+02 7.907793624014223042e+02 8.521689973238878792e+02 9.941971635445355560e+02 1.072289140111005736e+03 1.213489184129797195e+03 1.301709645043778664e+03 1.441428458162249626e+03
6.190864236922014925e+02 4.920000000000000000e+02 5.120898358686686151e+02 4.260844986619438259e+02 5.120898358686686151e+02 4.919999999999999432e+02 6.190864236922014925e+02 6.508548225218894459e+02 7.907793624014223042e+02 8.521689973238875382e+02 3.757712069863788997e+02 2.459999999999999432e+02 2.840563324412958082e+02 2.460000000000000000e+02 3.757712069863788429e+02 4.260844986619437691e+02 5.681126648825917300e+02 6.508548225218894459e+02 7.907793624014223042e+02 8.869656137641412670e+02 1.420281662206479041e+02 0.000000000000000000e+00 1.420281662206479041e+02 2.460000000000000000e+02 3.757712069863788997e+02 4.920000000000000568e+02 6.190864236922014925e+02 7.380000000000001137e+02 8.639236077339246549e+02 9.839999999999998863e+02 1.420281662206479609e+02 2.460000000000001137e+02 2.840563324412958650e+02 4.260844986619439396e+02 5.120898358686686151e+02 6.508548225218894459e+02 7.515424139727577995e+02 8.869656137641416080e+02 9.941971635445355560e+02 1.127313620959136642e+03 3.757712069863790134e+02 4.920000000000000000e+02 5.120898358686688425e+02 6.508548225218893322e+02 7.101408311032398615e+02 8.521689973238876519e+02 9.313409687112448410e+02 1.072289140111005963e+03 1.162550644058141870e+03 1.301709645043778664e+03
6.508548225218893322e+02 5.120898358686687288e+02 4.920000000000001137e+02 3.757712069863790134e+02 4.260844986619439396e+02 3.757712069863788997e+02 4.920000000000000568e+02 5.120898358686688425e+02 6.508548225218893322e+02 7.101408311032396341e+02 4.260844986619439396e+02 2.840563324412959219e+02 2.460000000000000568e+02 1.420281662206480462e+02 2.460000000000000284e+02 2.840563324412958650e+02 4.260844986619438259e+02 5.120898358686688425e+02 6.508548225218893322e+02 7.515424139727576858e+02 2.460000000000000284e+02 1.420281662206479041e+02 0.000000000000000000e+00 1.420281662206478472e+02 2.460000000000000000e+02 3.757712069863788997e+02 4.920000000000000000e+02 6.190864236922016062e+02 7.380000000000000000e+02 8.639236077339244275e+02 2.459999999999999432e+02 2.840563324412958650e+02 2.459999999999998863e+02 3.757712069863788997e+02 4.260844986619437122e+02 5.681126648825918437e+02 6.508548225218892185e+02 7.907793624014224179e+02 8.869656137641412670e+02 1.024179671737337230e+03 4.260844986619438259e+02 5.120898358686685015e+02 4.920000000000001137e+02 6.190864236922013788e+02 6.508548225218893322e+02 7.907793624014221905e+02 8.521689973238875382e+02 9.941971635445357833e+02 1.072289140111005736e+03 1.213489184129796740e+03
7.907793624014223042e+02 6.508548225218893322e+02 6.190864236922014925e+02 4.920000000000000000e+02 5.120898358686686151e+02 4.260844986619437691e+02 5.120898358686686151e+02 4.920000000000001137e+02 6.190864236922014925e+02 6.508548225218892185e+02 5.681126648825917300e+02 4.260844986619437691e+02 3.757712069863788429e+02 2.460000000000000000e+02 2.840563324412958082e+02 2.459999999999999432e+02 3.757712069863788997e+02 4.260844986619439396e+02 5.681126648825917300e+02 6.508548225218892185e+02 3.757712069863788997e+02 2.460000000000000000e+02 1.420281662206478472e+02 0.000000000000000000e+00 1.420281662206479041e+02 2.460000000000000284e+02 3.757712069863788997e+02 4.920000000000001705e+02 6.190864236922014925e+02 7.379999999999998863e+02 2.840563324412959219e+02 2.460000000000000568e+02 1.420281662206479609e+02 2.460000000000001137e+02 2.840563324412958650e+02 4.260844986619439965e+02 5.120898358686686151e+02 6.508548225218895595e+02 7.515424139727577995e+02 8.869656137641412670e+02 3.757712069863790134e+02 4.260844986619438259e+02 3.757712069863791271e+02 4.920000000000000000e+02 5.120898358686688425e+02 6.508548225218893322e+02 7.101408311032396341e+02 8.521689973238878792e+02 9.313409687112450683e+02 1.072289140111005736e+03
8.521689973238876519e+02 7.101408311032397478e+02 6.508548225218893322e+02 5.120898358686687288e+02 4.920000000000001137e+02 3.757712069863788997e+02 4.260844986619439396e+02 3.757712069863790134e+02 4.920000000000000568e+02 5.120898358686686151e+02 6.508548225218893322e+02 5.120898358686686151e+02 4.260844986619438259e+02 2.840563324412959787e+02 2.460000000000000568e+02 1.420281662206480178e+02 2.460000000000000568e+02 2.840563324412960355e+02 4.260844986619438259e+02 5.120898358686686151e+02 4.920000000000000568e+02 3.757712069863788997e+02 2.460000000000000000e+02 1.420281662206479041e+02 0.000000000000000000e+00 1.420281662206479325e+02 2.460000000000000000e+02 3.757712069863790134e+02 4.920000000000000000e+02 6.190864236922013788e+02 4.260844986619438259e+02 3.757712069863788997e+02 2.459999999999999432e+02 2.840563324412958650e+02 2.459999999999998863e+02 3.757712069863790134e+02 4.260844986619437122e+02 5.681126648825919574e+02 6.508548225218892185e+02 7.907793624014221905e+02 4.920000000000000000e+02 5.120898358686685015e+02 4.260844986619439396e+02 5.120898358686685015e+02 4.920000000000001137e+02 6.190864236922013788e+02 6.508548225218892185e+02 7.907793624014224179e+02 8.521689973238876519e+02 9.941971635445354423e+02
9.941971635445356696e+02 8.521689973238876519e+02 7.907793624014224179e+02 6.508548225218893322e+02 6.190864236922016062e+02 4.920000000000000568e+02 5.120898358686687288e+02 4.260844986619439396e+02 5.120898358686687288e+02 4.920000000000000568e+02 7.907793624014224179e+02 6.508548225218893322e+02 5.681126648825918437e+02 4.260844986619438828e+02 3.757712069863788997e+02 2.460000000000001137e+02 2.840563324412959787e+02 2.460000000000001421e+02 3.757712069863788997e+02 4.260844986619437691e+02 6.190864236922014925e+02 4.920000000000000568e+02 3.757712069863788997e+02 2.460000000000000284e+02 1.420281662206479325e+02 0.000000000000000000e+00 1.420281662206479609e+02 2.460000000000001421e+02 3.757712069863788997e+02 4.919999999999998863e+02 5.120898358686686151e+02 4.260844986619437691e+02 2.840563324412958650e+02 2.459999999999999432e+02 1.420281662206478472e+02 2.460000000000001137e+02 2.840563324412957513e+02 4.260844986619439965e+02 5.120898358686686151e+02 6.508548225218892185e+02 5.120898358686686151e+02 4.919999999999998863e+02 3.757712069863789566e+02 4.260844986619436554e+02 3.757712069863790134e+02 4.919999999999998863e+02 5.120898358686685015e+02 6.508548225218894459e+02 7.101408311032397478e+02 8.521689973238875382e+02
1.072289140111005736e+03 9.313409687112449546e+02 8.521689973238876519e+02 7.101408311032397478e+02 6.508548225218893322e+02 5.120898358686687288e+02 4.920000000000001137e+02 3.757712069863789566e+02 4.260844986619438259e+02 3.757712069863788997e+02 8.869656137641413807e+02 7.515424139727577995e+02 6.508548225218893322e+02 5.120898358686687288e+02 4.260844986619438259e+02 2.840563324412959787e+02 2.460000000000001137e+02 1.420281662206480178e+02 2.460000000000000000e+02 2.840563324412958082e+02 7.380000000000000000e+02 6.190864236922014925e+02 4.920000000000000000e+02 3.757712069863788997e+02 2.460000000000000000e+02 1.420281662206479609e+02 0.000000000000000000e+00 1.420281662206480178e+02 2.460000000000000000e+02 3.757712069863787292e+02 6.508548225218893322e+02 5.681126648825917300e+02 4.260844986619438259e+02 3.757712069863788997e+02 2.459999999999999432e+02 2.840563324412959787e+02 2.459999999999998863e+02 3.757712069863790134e+02 4.260844986619437122e+02 5.681126648825916163e+02 6.508548225218893322e+02 6.190864236922013788e+02 4.920000000000000568e+02 5.120898358686685015e+02 4.260844986619439396e+02 5.120898358686685015e+02 4.919999999999998863e+02 6.190864236922016062e+02 6.508548225218893322e+02 7.907793624014221905e+02
1.213489184129796968e+03 1.072289140111005963e+03 9.941971635445357833e+02 8.521689973238877656e+02 7.907793624014224179e+02 6.508548225218893322e+02 6.190864236922016062e+02 4.920000000000000568e+02 5.120898358686686151e+02 4.260844986619438259e+02 1.024179671737337458e+03 8.869656137641414944e+02 7.907793624014224179e+02 6.508548225218894459e+02 5.681126648825918437e+02 4.260844986619439965e+02 3.757712069863790134e+02 2.460000000000000000e+02 2.840563324412958082e+02 2.459999999999998579e+02 8.639236077339247686e+02 7.380000000000001137e+02 6.190864236922016062e+02 4.920000000000001705e+02 3.757712069863790134e+02 2.460000000000001421e+02 1.420281662206480178e+02 0.000000000000000000e+00 1.420281662206477904e+02 2.459999999999997442e+02 7.515424139727579131e+02 6.508548225218894459e+02 5.120898358686688425e+02 4.260844986619439396e+02 2.840563324412960355e+02 2.460000000000001990e+02 1.420281662206479041e+02 2.460000000000001137e+02 2.840563324412956945e+02 4.260844986619435986e+02 7.101408311032398615e+02 6.508548225218894459e+02 5.120898358686688425e+02 4.920000000000000568e+02 3.757712069863790703e+02 4.260844986619438259e+02 3.757712069863787860e+02 4.920000000000001137e+02 5.120898358686687288e+02 6.508548225218891048e+02
1.301709645043778664e+03 1.162550644058141870e+03 1.072289140111005736e+03 9.313409687112449546e+02 8.521689973238876519e+02 7.101408311032396341e+02 6.508548225218893322e+02 5.120898358686686151e+02 4.920000000000000568e+02 3.757712069863790134e+02 1.127313620959136642e+03 9.941971635445355560e+02 8.869656137641413807e+02 7.515424139727577995e+02 6.508548225218893322e+02 5.120898358686687288e+02 4.260844986619439396e+02 2.840563324412958082e+02 2.460000000000000000e+02 1.420281662206479893e+02 9.840000000000000000e+02 8.639236077339246549e+02 7.380000000000000000e+02 6.190864236922014925e+02 4.920000000000000000e+02 3.757712069863788997e+02 2.460000000000000000e+02 1.420281662206477904e+02 0.000000000000000000e+00 1.420281662206478188e+02 8.869656137641413807e+02 7.907793624014223042e+02 6.508548225218893322e+02 5.681126648825917300e+02 4.260844986619438259e+02 3.757712069863788997e+02 2.459999999999999432e+02 2.840563324412959219e+02 2.459999999999998863e+02 3.757712069863787860e+02 8.521689973238876519e+02 7.907793624014223042e+02 6.508548225218893322e+02 6.190864236922013788e+02 4.920000000000000568e+02 5.120898358686686151e+02 4.260844986619437122e+02 5.120898358686687288e+02 4.920000000000001137e+02 6.190864236922013788e+02
1.441428458162249626e+03 1.301709645043778664e+03 1.213489184129796740e+03 1.072289140111005736e+03 9.941971635445355560e+02 8.521689973238876519e+02 7.907793624014223042e+02 6.508548225218892185e+02 6.190864236922014925e+02 4.920000000000000000e+02 1.262373954103933556e+03 1.127313620959136642e+03 1.024179671737337230e+03 8.869656137641412670e+02 7.907793624014223042e+02 6.508548225218893322e+02 5.681126648825917300e+02 4.260844986619435986e+02 3.757712069863787860e+02 2.460000000000000000e+02 1.109275439194432010e+03 9.839999999999998863e+02 8.639236077339244275e+02 7.379999999999998863e+02 6.190864236922013788e+02 4.919999999999998863e+02 3.757712069863787292e+02 2.459999999999997442e+02 1.420281662206478188e+02 0.000000000000000000e+00 9.941971635445355560e+02 8.869656137641412670e+02 7.515424139727577995e+02 6.508548225218892185e+02 5.120898358686686151e+02 4.260844986619437691e+02 2.840563324412958082e+02 2.459999999999999147e+02 1.420281662206479041e+02 2.460000000000000000e+02 9.313409687112448410e+02 8.521689973238875382e+02 7.101408311032396341e+02 6.508548225218892185e+02 5.120898358686686151e+02 4.919999999999999432e+02 3.757712069863787860e+02 4.260844986619439396e+02 3.757712069863791271e+02 4.920000000000000000e+02
7.380000000000000000e+02 6.190864236922014925e+02 6.508548225218893322e+02 5.681126648825917300e+02 6.508548225218893322e+02 6.190864236922014925e+02 7.380000000000000000e+02 7.515424139727579131e+02 8.869656137641413807e+02 9.313409687112448410e+02 4.920000000000000000e+02 3.757712069863788429e+02 4.260844986619437691e+02 3.757712069863788997e+02 4.919999999999999432e+02 5.120898358686686151e+02 6.508548225218893322e+02 7.101408311032398615e+02 8.521689973238876519e+02 9.313409687112448410e+02 2.459999999999999432e+02 1.420281662206479609e+02 2.459999999999999432e+02 2.840563324412959219e+02 4.260844986619438259e+02 5.120898358686686151e+02 6.508548225218893322e+02 7.515424139727579131e+02 8.869656137641413807e+02 9.941971635445355560e+02 0.000000000000000000e+00 1.420281662206480462e+02 2.460000000000000000e+02 3.757712069863790134e+02 4.920000000000000000e+02 6.190864236922016062e+02 7.380000000000000000e+02 8.639236077339248823e+02 9.840000000000000000e+02 1.109275439194432010e+03 2.460000000000001137e+02 3.757712069863788997e+02 4.260844986619439965e+02 5.681126648825917300e+02 6.508548225218894459e+02 7.907793624014223042e+02 8.869656137641413807e+02 1.024179671737337458e+03 1.127313620959136870e+03 1.262373954103933556e+03
8.639236077339247686e+02 7.380000000000001137e+02 7.515424139727577995e+02 6.508548225218893322e+02 7.101408311032397478e+02 6.508548225218893322e+02 7.515424139727577995e+02 7.380000000000001137e+02 8.639236077339245412e+02 8.869656137641413807e+02 6.190864236922016062e+02 4.920000000000000568e+02 5.120898358686687288e+02 4.260844986619439396e+02 5.120898358686686151e+02 4.920000000000000568e+02 6.190864236922014925e+02 6.508548225218894459e+02 7.907793624014223042e+02 8.521689973238875382e+02 3.757712069863788997e+02 2.460000000000001137e+02 2.840563324412958650e+02 2.460000000000000568e+02 3.757712069863788997e+02 4.260844986619437691e+02 5.681126648825917300e+02 6.508548225218894459e+02 7.907793624014223042e+02 8.869656137641412670e+02 1.420281662206480462e+02 0.000000000000000000e+00 1.420281662206479041e+02 2.460000000000000000e+02 3.757712069863788429e+02 4.920000000000000568e+02 6.190864236922013788e+02 7.380000000000001137e+02 8.639236077339245412e+02 9.839999999999998863e+02 1.420281662206479609e+02 2.459999999999998863e+02 2.840563324412959787e+02 4.260844986619437122e+02 5.120898358686687288e+02 6.508548225218892185e+02 7.515424139727576858e+02 8.869656137641414944e+02 9.941971635445356696e+02 1.127313620959136642e+03
